hour,generator_id,status
1,1,1
1,2,1
1,3,1
1,4,1
1,5,1
1,6,1
1,7,1
1,8,1
1,9,1
1,10,1
1,11,1
1,12,0
1,13,0
1,14,1
1,15,0
1,16,1
1,17,1
1,18,1
1,19,1
1,20,1
1,21,1
1,22,0
1,23,0
1,24,1
1,25,1
1,26,1
1,27,0
1,28,0
1,29,1
1,30,1
1,31,1
1,32,1
1,33,1
1,34,1
1,35,1
1,36,0
1,37,1
1,38,1
1,39,1
1,40,1
1,41,1
1,42,1
1,43,1
1,44,1
1,45,1
1,46,0
1,47,0
1,48,1
1,49,1
1,50,1
1,51,1
1,52,1
1,53,1
1,54,1
1,55,0
1,56,1
1,57,1
1,58,1
1,59,1
1,60,1
1,61,0
1,62,1
1,63,0
1,64,1
1,65,1
1,66,1
1,67,1
1,68,1
1,69,0
1,70,1
1,71,1
1,72,1
1,73,1
1,74,1
1,75,1
1,76,1
1,77,1
1,78,1
1,79,1
1,80,1
1,81,1
1,82,1
1,83,1
1,84,1
1,85,1
1,86,1
1,87,1
1,88,1
1,89,0
1,90,1
1,91,1
1,92,1
1,93,1
1,94,1
1,95,1
1,96,1
1,97,1
1,98,1
1,99,1
1,100,0
1,101,1
1,102,0
1,103,0
1,104,1
1,105,1
1,106,1
1,107,0
1,108,0
1,109,1
1,110,1
1,111,1
1,112,1
1,113,1
1,114,0
1,115,0
1,116,0
1,117,0
1,118,1
1,119,0
1,120,1
1,121,0
1,122,1
2,1,1
2,2,1
2,3,1
2,4,1
2,5,1
2,6,1
2,7,1
2,8,1
2,9,1
2,10,1
2,11,1
2,12,0
2,13,0
2,14,1
2,15,0
2,16,1
2,17,1
2,18,1
2,19,1
2,20,1
2,21,1
2,22,0
2,23,0
2,24,1
2,25,1
2,26,1
2,27,0
2,28,0
2,29,1
2,30,1
2,31,1
2,32,1
2,33,1
2,34,1
2,35,1
2,36,0
2,37,1
2,38,1
2,39,1
2,40,1
2,41,1
2,42,1
2,43,1
2,44,1
2,45,1
2,46,0
2,47,0
2,48,1
2,49,1
2,50,1
2,51,1
2,52,1
2,53,1
2,54,1
2,55,0
2,56,1
2,57,1
2,58,1
2,59,1
2,60,1
2,61,0
2,62,1
2,63,0
2,64,1
2,65,1
2,66,1
2,67,1
2,68,1
2,69,0
2,70,1
2,71,1
2,72,1
2,73,1
2,74,1
2,75,1
2,76,1
2,77,1
2,78,1
2,79,1
2,80,1
2,81,1
2,82,1
2,83,1
2,84,1
2,85,1
2,86,1
2,87,1
2,88,1
2,89,0
2,90,1
2,91,1
2,92,1
2,93,1
2,94,1
2,95,1
2,96,1
2,97,1
2,98,1
2,99,1
2,100,0
2,101,1
2,102,0
2,103,0
2,104,1
2,105,1
2,106,1
2,107,0
2,108,0
2,109,1
2,110,1
2,111,1
2,112,1
2,113,1
2,114,0
2,115,0
2,116,0
2,117,0
2,118,1
2,119,0
2,120,1
2,121,0
2,122,1
3,1,1
3,2,1
3,3,1
3,4,1
3,5,1
3,6,1
3,7,1
3,8,1
3,9,1
3,10,1
3,11,1
3,12,0
3,13,0
3,14,1
3,15,0
3,16,1
3,17,1
3,18,1
3,19,1
3,20,1
3,21,1
3,22,0
3,23,0
3,24,1
3,25,1
3,26,1
3,27,0
3,28,0
3,29,1
3,30,1
3,31,1
3,32,1
3,33,1
3,34,1
3,35,1
3,36,0
3,37,1
3,38,1
3,39,1
3,40,1
3,41,1
3,42,1
3,43,1
3,44,1
3,45,1
3,46,0
3,47,0
3,48,1
3,49,1
3,50,1
3,51,1
3,52,1
3,53,1
3,54,1
3,55,0
3,56,1
3,57,1
3,58,1
3,59,1
3,60,1
3,61,0
3,62,1
3,63,0
3,64,1
3,65,1
3,66,1
3,67,1
3,68,1
3,69,0
3,70,1
3,71,1
3,72,1
3,73,1
3,74,1
3,75,1
3,76,1
3,77,1
3,78,1
3,79,1
3,80,1
3,81,1
3,82,1
3,83,1
3,84,1
3,85,1
3,86,1
3,87,1
3,88,1
3,89,0
3,90,1
3,91,1
3,92,1
3,93,1
3,94,1
3,95,1
3,96,1
3,97,1
3,98,1
3,99,1
3,100,0
3,101,1
3,102,0
3,103,0
3,104,1
3,105,1
3,106,1
3,107,0
3,108,0
3,109,1
3,110,1
3,111,1
3,112,1
3,113,1
3,114,0
3,115,0
3,116,0
3,117,0
3,118,1
3,119,0
3,120,1
3,121,0
3,122,1
4,1,1
4,2,1
4,3,1
4,4,1
4,5,1
4,6,1
4,7,1
4,8,1
4,9,1
4,10,1
4,11,1
4,12,0
4,13,0
4,14,1
4,15,0
4,16,1
4,17,1
4,18,1
4,19,1
4,20,1
4,21,1
4,22,0
4,23,0
4,24,1
4,25,1
4,26,1
4,27,0
4,28,0
4,29,1
4,30,1
4,31,1
4,32,1
4,33,1
4,34,1
4,35,1
4,36,0
4,37,1
4,38,1
4,39,1
4,40,1
4,41,1
4,42,1
4,43,1
4,44,1
4,45,1
4,46,0
4,47,0
4,48,1
4,49,1
4,50,1
4,51,1
4,52,1
4,53,1
4,54,1
4,55,0
4,56,1
4,57,1
4,58,1
4,59,1
4,60,1
4,61,0
4,62,1
4,63,0
4,64,1
4,65,1
4,66,1
4,67,1
4,68,1
4,69,0
4,70,1
4,71,1
4,72,1
4,73,1
4,74,1
4,75,1
4,76,1
4,77,1
4,78,1
4,79,1
4,80,1
4,81,1
4,82,1
4,83,1
4,84,1
4,85,1
4,86,1
4,87,1
4,88,1
4,89,0
4,90,1
4,91,1
4,92,1
4,93,1
4,94,1
4,95,1
4,96,1
4,97,1
4,98,1
4,99,1
4,100,0
4,101,1
4,102,0
4,103,0
4,104,1
4,105,1
4,106,1
4,107,0
4,108,0
4,109,1
4,110,1
4,111,1
4,112,1
4,113,1
4,114,0
4,115,0
4,116,0
4,117,0
4,118,1
4,119,0
4,120,1
4,121,0
4,122,1
5,1,1
5,2,1
5,3,1
5,4,1
5,5,1
5,6,1
5,7,1
5,8,1
5,9,1
5,10,1
5,11,1
5,12,0
5,13,0
5,14,1
5,15,0
5,16,1
5,17,1
5,18,1
5,19,1
5,20,1
5,21,1
5,22,0
5,23,0
5,24,1
5,25,1
5,26,1
5,27,0
5,28,0
5,29,1
5,30,1
5,31,1
5,32,1
5,33,1
5,34,1
5,35,1
5,36,0
5,37,1
5,38,1
5,39,1
5,40,1
5,41,1
5,42,1
5,43,1
5,44,1
5,45,1
5,46,0
5,47,0
5,48,1
5,49,1
5,50,1
5,51,1
5,52,1
5,53,1
5,54,1
5,55,0
5,56,1
5,57,1
5,58,1
5,59,1
5,60,1
5,61,0
5,62,1
5,63,0
5,64,1
5,65,1
5,66,1
5,67,1
5,68,1
5,69,0
5,70,1
5,71,1
5,72,1
5,73,1
5,74,1
5,75,1
5,76,1
5,77,1
5,78,1
5,79,1
5,80,1
5,81,1
5,82,1
5,83,1
5,84,1
5,85,1
5,86,1
5,87,1
5,88,1
5,89,0
5,90,1
5,91,1
5,92,1
5,93,1
5,94,1
5,95,1
5,96,1
5,97,1
5,98,1
5,99,1
5,100,0
5,101,1
5,102,0
5,103,0
5,104,1
5,105,1
5,106,1
5,107,0
5,108,0
5,109,1
5,110,1
5,111,1
5,112,1
5,113,1
5,114,0
5,115,0
5,116,0
5,117,0
5,118,1
5,119,0
5,120,1
5,121,0
5,122,1
6,1,1
6,2,1
6,3,1
6,4,1
6,5,1
6,6,1
6,7,1
6,8,1
6,9,1
6,10,1
6,11,1
6,12,0
6,13,0
6,14,1
6,15,0
6,16,1
6,17,1
6,18,1
6,19,1
6,20,1
6,21,1
6,22,0
6,23,0
6,24,1
6,25,1
6,26,1
6,27,0
6,28,0
6,29,1
6,30,1
6,31,1
6,32,1
6,33,1
6,34,1
6,35,1
6,36,0
6,37,1
6,38,1
6,39,1
6,40,1
6,41,1
6,42,1
6,43,1
6,44,1
6,45,1
6,46,0
6,47,0
6,48,1
6,49,1
6,50,1
6,51,1
6,52,1
6,53,1
6,54,1
6,55,0
6,56,1
6,57,1
6,58,1
6,59,1
6,60,1
6,61,0
6,62,1
6,63,0
6,64,1
6,65,1
6,66,1
6,67,1
6,68,1
6,69,0
6,70,1
6,71,1
6,72,1
6,73,1
6,74,1
6,75,1
6,76,1
6,77,1
6,78,1
6,79,1
6,80,1
6,81,1
6,82,1
6,83,1
6,84,1
6,85,1
6,86,1
6,87,1
6,88,1
6,89,0
6,90,1
6,91,1
6,92,1
6,93,1
6,94,1
6,95,1
6,96,1
6,97,1
6,98,1
6,99,1
6,100,0
6,101,1
6,102,0
6,103,0
6,104,1
6,105,1
6,106,1
6,107,0
6,108,0
6,109,1
6,110,1
6,111,1
6,112,1
6,113,1
6,114,0
6,115,0
6,116,0
6,117,0
6,118,1
6,119,0
6,120,1
6,121,0
6,122,1
7,1,1
7,2,1
7,3,1
7,4,1
7,5,1
7,6,1
7,7,1
7,8,1
7,9,1
7,10,1
7,11,1
7,12,0
7,13,0
7,14,1
7,15,0
7,16,1
7,17,1
7,18,1
7,19,1
7,20,1
7,21,1
7,22,0
7,23,0
7,24,1
7,25,1
7,26,1
7,27,0
7,28,0
7,29,1
7,30,1
7,31,1
7,32,1
7,33,1
7,34,1
7,35,1
7,36,0
7,37,1
7,38,1
7,39,1
7,40,1
7,41,1
7,42,1
7,43,1
7,44,1
7,45,1
7,46,0
7,47,0
7,48,1
7,49,1
7,50,1
7,51,1
7,52,1
7,53,1
7,54,1
7,55,0
7,56,1
7,57,1
7,58,1
7,59,1
7,60,1
7,61,0
7,62,1
7,63,0
7,64,1
7,65,1
7,66,1
7,67,1
7,68,1
7,69,0
7,70,1
7,71,1
7,72,1
7,73,1
7,74,1
7,75,1
7,76,1
7,77,1
7,78,1
7,79,1
7,80,1
7,81,1
7,82,1
7,83,1
7,84,1
7,85,1
7,86,1
7,87,1
7,88,1
7,89,0
7,90,1
7,91,1
7,92,1
7,93,1
7,94,1
7,95,1
7,96,1
7,97,1
7,98,1
7,99,1
7,100,0
7,101,1
7,102,0
7,103,0
7,104,1
7,105,1
7,106,1
7,107,0
7,108,0
7,109,1
7,110,1
7,111,1
7,112,1
7,113,1
7,114,0
7,115,0
7,116,0
7,117,0
7,118,1
7,119,0
7,120,1
7,121,0
7,122,1
8,1,1
8,2,1
8,3,1
8,4,1
8,5,1
8,6,1
8,7,1
8,8,1
8,9,1
8,10,1
8,11,1
8,12,0
8,13,0
8,14,1
8,15,0
8,16,1
8,17,1
8,18,1
8,19,1
8,20,1
8,21,1
8,22,0
8,23,0
8,24,1
8,25,1
8,26,1
8,27,0
8,28,0
8,29,1
8,30,1
8,31,1
8,32,1
8,33,1
8,34,1
8,35,1
8,36,0
8,37,1
8,38,1
8,39,1
8,40,1
8,41,1
8,42,1
8,43,1
8,44,1
8,45,1
8,46,0
8,47,0
8,48,1
8,49,1
8,50,1
8,51,1
8,52,1
8,53,1
8,54,1
8,55,0
8,56,1
8,57,1
8,58,1
8,59,1
8,60,1
8,61,0
8,62,1
8,63,0
8,64,1
8,65,1
8,66,1
8,67,1
8,68,1
8,69,0
8,70,1
8,71,1
8,72,1
8,73,1
8,74,1
8,75,1
8,76,1
8,77,1
8,78,1
8,79,1
8,80,1
8,81,1
8,82,1
8,83,1
8,84,1
8,85,1
8,86,1
8,87,1
8,88,1
8,89,0
8,90,1
8,91,1
8,92,1
8,93,1
8,94,1
8,95,1
8,96,1
8,97,1
8,98,1
8,99,1
8,100,0
8,101,1
8,102,0
8,103,0
8,104,1
8,105,1
8,106,1
8,107,0
8,108,0
8,109,1
8,110,1
8,111,1
8,112,1
8,113,1
8,114,0
8,115,0
8,116,0
8,117,0
8,118,1
8,119,0
8,120,1
8,121,0
8,122,1
9,1,1
9,2,1
9,3,1
9,4,1
9,5,1
9,6,1
9,7,1
9,8,1
9,9,1
9,10,1
9,11,1
9,12,0
9,13,0
9,14,1
9,15,0
9,16,1
9,17,1
9,18,1
9,19,1
9,20,1
9,21,1
9,22,0
9,23,0
9,24,1
9,25,1
9,26,1
9,27,0
9,28,0
9,29,1
9,30,1
9,31,1
9,32,1
9,33,1
9,34,1
9,35,1
9,36,0
9,37,1
9,38,1
9,39,1
9,40,1
9,41,1
9,42,1
9,43,1
9,44,1
9,45,1
9,46,0
9,47,0
9,48,1
9,49,1
9,50,1
9,51,1
9,52,1
9,53,1
9,54,1
9,55,0
9,56,1
9,57,1
9,58,1
9,59,1
9,60,1
9,61,0
9,62,1
9,63,0
9,64,1
9,65,1
9,66,1
9,67,1
9,68,1
9,69,0
9,70,1
9,71,1
9,72,1
9,73,1
9,74,1
9,75,1
9,76,1
9,77,1
9,78,1
9,79,1
9,80,1
9,81,1
9,82,1
9,83,1
9,84,1
9,85,1
9,86,1
9,87,1
9,88,1
9,89,0
9,90,1
9,91,1
9,92,1
9,93,1
9,94,1
9,95,1
9,96,1
9,97,1
9,98,1
9,99,1
9,100,0
9,101,1
9,102,0
9,103,0
9,104,1
9,105,1
9,106,1
9,107,0
9,108,0
9,109,1
9,110,1
9,111,1
9,112,1
9,113,1
9,114,0
9,115,0
9,116,0
9,117,0
9,118,1
9,119,0
9,120,1
9,121,0
9,122,1
10,1,1
10,2,1
10,3,1
10,4,1
10,5,1
10,6,1
10,7,1
10,8,1
10,9,1
10,10,1
10,11,1
10,12,0
10,13,0
10,14,1
10,15,0
10,16,1
10,17,1
10,18,1
10,19,1
10,20,1
10,21,1
10,22,0
10,23,0
10,24,1
10,25,1
10,26,1
10,27,0
10,28,0
10,29,1
10,30,1
10,31,1
10,32,1
10,33,1
10,34,1
10,35,1
10,36,0
10,37,1
10,38,1
10,39,1
10,40,1
10,41,1
10,42,1
10,43,1
10,44,1
10,45,1
10,46,0
10,47,0
10,48,1
10,49,1
10,50,1
10,51,1
10,52,1
10,53,1
10,54,1
10,55,0
10,56,1
10,57,1
10,58,1
10,59,1
10,60,1
10,61,0
10,62,1
10,63,0
10,64,1
10,65,1
10,66,1
10,67,1
10,68,1
10,69,0
10,70,1
10,71,1
10,72,1
10,73,1
10,74,1
10,75,1
10,76,1
10,77,1
10,78,1
10,79,1
10,80,1
10,81,1
10,82,1
10,83,1
10,84,1
10,85,1
10,86,1
10,87,1
10,88,1
10,89,0
10,90,1
10,91,1
10,92,1
10,93,1
10,94,1
10,95,1
10,96,1
10,97,1
10,98,1
10,99,1
10,100,0
10,101,1
10,102,0
10,103,0
10,104,1
10,105,1
10,106,1
10,107,0
10,108,0
10,109,1
10,110,1
10,111,1
10,112,1
10,113,1
10,114,0
10,115,0
10,116,0
10,117,0
10,118,1
10,119,0
10,120,1
10,121,0
10,122,1
11,1,1
11,2,1
11,3,1
11,4,1
11,5,1
11,6,1
11,7,1
11,8,1
11,9,1
11,10,1
11,11,1
11,12,0
11,13,0
11,14,1
11,15,0
11,16,1
11,17,1
11,18,1
11,19,1
11,20,1
11,21,1
11,22,0
11,23,0
11,24,1
11,25,1
11,26,1
11,27,0
11,28,0
11,29,1
11,30,1
11,31,1
11,32,1
11,33,1
11,34,1
11,35,1
11,36,0
11,37,1
11,38,1
11,39,1
11,40,1
11,41,1
11,42,1
11,43,1
11,44,1
11,45,1
11,46,0
11,47,0
11,48,1
11,49,1
11,50,1
11,51,1
11,52,1
11,53,1
11,54,1
11,55,0
11,56,1
11,57,1
11,58,1
11,59,1
11,60,1
11,61,0
11,62,1
11,63,0
11,64,1
11,65,1
11,66,1
11,67,1
11,68,1
11,69,0
11,70,1
11,71,1
11,72,1
11,73,1
11,74,1
11,75,1
11,76,1
11,77,1
11,78,1
11,79,1
11,80,1
11,81,1
11,82,1
11,83,1
11,84,1
11,85,1
11,86,1
11,87,1
11,88,1
11,89,0
11,90,1
11,91,1
11,92,1
11,93,1
11,94,1
11,95,1
11,96,1
11,97,1
11,98,1
11,99,1
11,100,0
11,101,1
11,102,0
11,103,0
11,104,1
11,105,1
11,106,1
11,107,0
11,108,0
11,109,1
11,110,1
11,111,1
11,112,1
11,113,1
11,114,0
11,115,0
11,116,0
11,117,0
11,118,1
11,119,0
11,120,1
11,121,0
11,122,1
12,1,1
12,2,1
12,3,1
12,4,1
12,5,1
12,6,1
12,7,1
12,8,1
12,9,1
12,10,1
12,11,1
12,12,0
12,13,0
12,14,1
12,15,0
12,16,1
12,17,1
12,18,1
12,19,1
12,20,1
12,21,1
12,22,0
12,23,0
12,24,1
12,25,1
12,26,1
12,27,0
12,28,0
12,29,1
12,30,1
12,31,1
12,32,1
12,33,1
12,34,1
12,35,1
12,36,0
12,37,1
12,38,1
12,39,1
12,40,1
12,41,1
12,42,1
12,43,1
12,44,1
12,45,1
12,46,0
12,47,0
12,48,1
12,49,1
12,50,1
12,51,1
12,52,1
12,53,1
12,54,1
12,55,0
12,56,1
12,57,1
12,58,1
12,59,1
12,60,1
12,61,0
12,62,1
12,63,0
12,64,1
12,65,1
12,66,1
12,67,1
12,68,1
12,69,0
12,70,1
12,71,1
12,72,1
12,73,1
12,74,1
12,75,1
12,76,1
12,77,1
12,78,1
12,79,1
12,80,1
12,81,1
12,82,1
12,83,1
12,84,1
12,85,1
12,86,1
12,87,1
12,88,1
12,89,0
12,90,1
12,91,1
12,92,1
12,93,1
12,94,1
12,95,1
12,96,1
12,97,1
12,98,1
12,99,1
12,100,0
12,101,1
12,102,0
12,103,0
12,104,1
12,105,1
12,106,1
12,107,0
12,108,0
12,109,1
12,110,1
12,111,1
12,112,1
12,113,1
12,114,0
12,115,0
12,116,0
12,117,0
12,118,1
12,119,0
12,120,1
12,121,0
12,122,1
13,1,1
13,2,1
13,3,1
13,4,1
13,5,1
13,6,1
13,7,1
13,8,1
13,9,1
13,10,1
13,11,1
13,12,0
13,13,0
13,14,1
13,15,0
13,16,1
13,17,1
13,18,1
13,19,1
13,20,1
13,21,1
13,22,0
13,23,0
13,24,1
13,25,1
13,26,1
13,27,0
13,28,0
13,29,1
13,30,1
13,31,1
13,32,1
13,33,1
13,34,1
13,35,1
13,36,0
13,37,1
13,38,1
13,39,1
13,40,1
13,41,1
13,42,1
13,43,1
13,44,1
13,45,1
13,46,0
13,47,0
13,48,1
13,49,1
13,50,1
13,51,1
13,52,1
13,53,1
13,54,1
13,55,0
13,56,1
13,57,1
13,58,1
13,59,1
13,60,1
13,61,0
13,62,1
13,63,0
13,64,1
13,65,1
13,66,1
13,67,1
13,68,1
13,69,0
13,70,1
13,71,1
13,72,1
13,73,1
13,74,1
13,75,1
13,76,1
13,77,1
13,78,1
13,79,1
13,80,1
13,81,1
13,82,1
13,83,1
13,84,1
13,85,1
13,86,1
13,87,1
13,88,1
13,89,0
13,90,1
13,91,1
13,92,1
13,93,1
13,94,1
13,95,1
13,96,1
13,97,1
13,98,1
13,99,1
13,100,0
13,101,1
13,102,0
13,103,0
13,104,1
13,105,1
13,106,1
13,107,0
13,108,0
13,109,1
13,110,1
13,111,1
13,112,1
13,113,1
13,114,0
13,115,0
13,116,0
13,117,0
13,118,1
13,119,0
13,120,1
13,121,0
13,122,1
14,1,1
14,2,1
14,3,1
14,4,1
14,5,1
14,6,1
14,7,1
14,8,1
14,9,1
14,10,1
14,11,1
14,12,0
14,13,0
14,14,1
14,15,0
14,16,1
14,17,1
14,18,1
14,19,1
14,20,1
14,21,1
14,22,0
14,23,0
14,24,1
14,25,1
14,26,1
14,27,0
14,28,0
14,29,1
14,30,1
14,31,1
14,32,1
14,33,1
14,34,1
14,35,1
14,36,0
14,37,1
14,38,1
14,39,1
14,40,1
14,41,1
14,42,1
14,43,1
14,44,1
14,45,1
14,46,0
14,47,0
14,48,1
14,49,1
14,50,1
14,51,1
14,52,1
14,53,1
14,54,1
14,55,0
14,56,1
14,57,1
14,58,1
14,59,1
14,60,1
14,61,0
14,62,1
14,63,0
14,64,1
14,65,1
14,66,1
14,67,1
14,68,1
14,69,0
14,70,1
14,71,1
14,72,1
14,73,1
14,74,1
14,75,1
14,76,1
14,77,1
14,78,1
14,79,1
14,80,1
14,81,1
14,82,1
14,83,1
14,84,1
14,85,1
14,86,1
14,87,1
14,88,1
14,89,0
14,90,1
14,91,1
14,92,1
14,93,1
14,94,1
14,95,1
14,96,1
14,97,1
14,98,1
14,99,1
14,100,0
14,101,1
14,102,0
14,103,0
14,104,1
14,105,1
14,106,1
14,107,0
14,108,0
14,109,1
14,110,1
14,111,1
14,112,1
14,113,1
14,114,0
14,115,0
14,116,0
14,117,0
14,118,1
14,119,0
14,120,1
14,121,0
14,122,1
15,1,1
15,2,1
15,3,1
15,4,1
15,5,1
15,6,1
15,7,1
15,8,1
15,9,1
15,10,1
15,11,1
15,12,0
15,13,0
15,14,1
15,15,0
15,16,1
15,17,1
15,18,1
15,19,1
15,20,1
15,21,1
15,22,0
15,23,0
15,24,1
15,25,1
15,26,1
15,27,0
15,28,0
15,29,1
15,30,1
15,31,1
15,32,1
15,33,1
15,34,1
15,35,1
15,36,0
15,37,1
15,38,1
15,39,1
15,40,1
15,41,1
15,42,1
15,43,1
15,44,1
15,45,1
15,46,0
15,47,0
15,48,1
15,49,1
15,50,1
15,51,1
15,52,1
15,53,1
15,54,1
15,55,0
15,56,1
15,57,1
15,58,1
15,59,1
15,60,1
15,61,0
15,62,1
15,63,0
15,64,1
15,65,1
15,66,1
15,67,1
15,68,1
15,69,0
15,70,1
15,71,1
15,72,1
15,73,1
15,74,1
15,75,1
15,76,1
15,77,1
15,78,1
15,79,1
15,80,1
15,81,1
15,82,1
15,83,1
15,84,1
15,85,1
15,86,1
15,87,1
15,88,1
15,89,0
15,90,1
15,91,1
15,92,1
15,93,1
15,94,1
15,95,1
15,96,1
15,97,1
15,98,1
15,99,1
15,100,0
15,101,1
15,102,0
15,103,0
15,104,1
15,105,1
15,106,1
15,107,0
15,108,0
15,109,1
15,110,1
15,111,1
15,112,1
15,113,1
15,114,0
15,115,0
15,116,0
15,117,0
15,118,1
15,119,0
15,120,1
15,121,0
15,122,1
16,1,1
16,2,1
16,3,1
16,4,1
16,5,1
16,6,1
16,7,1
16,8,1
16,9,1
16,10,1
16,11,1
16,12,0
16,13,0
16,14,1
16,15,0
16,16,1
16,17,1
16,18,1
16,19,1
16,20,1
16,21,1
16,22,0
16,23,0
16,24,1
16,25,1
16,26,1
16,27,0
16,28,0
16,29,1
16,30,1
16,31,1
16,32,1
16,33,1
16,34,1
16,35,1
16,36,0
16,37,1
16,38,1
16,39,1
16,40,1
16,41,1
16,42,1
16,43,1
16,44,1
16,45,1
16,46,0
16,47,0
16,48,1
16,49,1
16,50,1
16,51,1
16,52,1
16,53,1
16,54,1
16,55,0
16,56,1
16,57,1
16,58,1
16,59,1
16,60,1
16,61,0
16,62,1
16,63,0
16,64,1
16,65,1
16,66,1
16,67,1
16,68,1
16,69,0
16,70,1
16,71,1
16,72,1
16,73,1
16,74,1
16,75,1
16,76,1
16,77,1
16,78,1
16,79,1
16,80,1
16,81,1
16,82,1
16,83,1
16,84,1
16,85,1
16,86,1
16,87,1
16,88,1
16,89,0
16,90,1
16,91,1
16,92,1
16,93,1
16,94,1
16,95,1
16,96,1
16,97,1
16,98,1
16,99,1
16,100,0
16,101,1
16,102,0
16,103,0
16,104,1
16,105,1
16,106,1
16,107,0
16,108,0
16,109,1
16,110,1
16,111,1
16,112,1
16,113,1
16,114,0
16,115,0
16,116,0
16,117,0
16,118,1
16,119,0
16,120,1
16,121,0
16,122,1
17,1,1
17,2,1
17,3,1
17,4,1
17,5,1
17,6,1
17,7,1
17,8,1
17,9,1
17,10,1
17,11,1
17,12,0
17,13,0
17,14,1
17,15,0
17,16,1
17,17,1
17,18,1
17,19,1
17,20,1
17,21,1
17,22,0
17,23,0
17,24,1
17,25,1
17,26,1
17,27,0
17,28,0
17,29,1
17,30,1
17,31,1
17,32,1
17,33,1
17,34,1
17,35,1
17,36,0
17,37,1
17,38,1
17,39,1
17,40,1
17,41,1
17,42,1
17,43,1
17,44,1
17,45,1
17,46,0
17,47,0
17,48,1
17,49,1
17,50,1
17,51,1
17,52,1
17,53,1
17,54,1
17,55,0
17,56,1
17,57,1
17,58,1
17,59,1
17,60,1
17,61,0
17,62,1
17,63,0
17,64,1
17,65,1
17,66,1
17,67,1
17,68,1
17,69,0
17,70,1
17,71,1
17,72,1
17,73,1
17,74,1
17,75,1
17,76,1
17,77,1
17,78,1
17,79,1
17,80,1
17,81,1
17,82,1
17,83,1
17,84,1
17,85,1
17,86,1
17,87,1
17,88,1
17,89,0
17,90,1
17,91,1
17,92,1
17,93,1
17,94,1
17,95,1
17,96,1
17,97,1
17,98,1
17,99,1
17,100,0
17,101,1
17,102,0
17,103,0
17,104,1
17,105,1
17,106,1
17,107,0
17,108,0
17,109,1
17,110,1
17,111,1
17,112,1
17,113,1
17,114,0
17,115,0
17,116,0
17,117,0
17,118,1
17,119,0
17,120,1
17,121,0
17,122,1
18,1,1
18,2,1
18,3,1
18,4,1
18,5,1
18,6,1
18,7,1
18,8,1
18,9,1
18,10,1
18,11,1
18,12,0
18,13,0
18,14,1
18,15,0
18,16,1
18,17,1
18,18,1
18,19,1
18,20,1
18,21,1
18,22,0
18,23,0
18,24,1
18,25,1
18,26,1
18,27,0
18,28,0
18,29,1
18,30,1
18,31,1
18,32,1
18,33,1
18,34,1
18,35,1
18,36,0
18,37,1
18,38,1
18,39,1
18,40,1
18,41,1
18,42,1
18,43,1
18,44,1
18,45,1
18,46,0
18,47,0
18,48,1
18,49,1
18,50,1
18,51,1
18,52,1
18,53,1
18,54,1
18,55,0
18,56,1
18,57,1
18,58,1
18,59,1
18,60,1
18,61,0
18,62,1
18,63,0
18,64,1
18,65,1
18,66,1
18,67,1
18,68,1
18,69,0
18,70,1
18,71,1
18,72,1
18,73,1
18,74,1
18,75,1
18,76,1
18,77,1
18,78,1
18,79,1
18,80,1
18,81,1
18,82,1
18,83,1
18,84,1
18,85,1
18,86,1
18,87,1
18,88,1
18,89,0
18,90,1
18,91,1
18,92,1
18,93,1
18,94,1
18,95,1
18,96,1
18,97,1
18,98,1
18,99,1
18,100,0
18,101,1
18,102,0
18,103,0
18,104,1
18,105,1
18,106,1
18,107,0
18,108,0
18,109,1
18,110,1
18,111,1
18,112,1
18,113,1
18,114,0
18,115,0
18,116,0
18,117,0
18,118,1
18,119,0
18,120,1
18,121,0
18,122,1
19,1,1
19,2,1
19,3,1
19,4,1
19,5,1
19,6,1
19,7,1
19,8,1
19,9,1
19,10,1
19,11,1
19,12,0
19,13,0
19,14,1
19,15,0
19,16,1
19,17,1
19,18,1
19,19,1
19,20,1
19,21,1
19,22,0
19,23,0
19,24,1
19,25,1
19,26,1
19,27,0
19,28,0
19,29,1
19,30,1
19,31,1
19,32,1
19,33,1
19,34,1
19,35,1
19,36,0
19,37,1
19,38,1
19,39,1
19,40,1
19,41,1
19,42,1
19,43,1
19,44,1
19,45,1
19,46,0
19,47,0
19,48,1
19,49,1
19,50,1
19,51,1
19,52,1
19,53,1
19,54,1
19,55,0
19,56,1
19,57,1
19,58,1
19,59,1
19,60,1
19,61,0
19,62,1
19,63,0
19,64,1
19,65,1
19,66,1
19,67,1
19,68,1
19,69,0
19,70,1
19,71,1
19,72,1
19,73,1
19,74,1
19,75,1
19,76,1
19,77,1
19,78,1
19,79,1
19,80,1
19,81,1
19,82,1
19,83,1
19,84,1
19,85,1
19,86,1
19,87,1
19,88,1
19,89,0
19,90,1
19,91,1
19,92,1
19,93,1
19,94,1
19,95,1
19,96,1
19,97,1
19,98,1
19,99,1
19,100,0
19,101,1
19,102,0
19,103,0
19,104,1
19,105,1
19,106,1
19,107,0
19,108,0
19,109,1
19,110,1
19,111,1
19,112,1
19,113,1
19,114,0
19,115,0
19,116,0
19,117,0
19,118,1
19,119,0
19,120,1
19,121,0
19,122,1
20,1,1
20,2,1
20,3,1
20,4,1
20,5,1
20,6,1
20,7,1
20,8,1
20,9,1
20,10,1
20,11,1
20,12,0
20,13,0
20,14,1
20,15,0
20,16,1
20,17,1
20,18,1
20,19,1
20,20,1
20,21,1
20,22,0
20,23,0
20,24,1
20,25,1
20,26,1
20,27,0
20,28,0
20,29,1
20,30,1
20,31,1
20,32,1
20,33,1
20,34,1
20,35,1
20,36,0
20,37,1
20,38,1
20,39,1
20,40,1
20,41,1
20,42,1
20,43,1
20,44,1
20,45,1
20,46,0
20,47,0
20,48,1
20,49,1
20,50,1
20,51,1
20,52,1
20,53,1
20,54,1
20,55,0
20,56,1
20,57,1
20,58,1
20,59,1
20,60,1
20,61,0
20,62,1
20,63,0
20,64,1
20,65,1
20,66,1
20,67,1
20,68,1
20,69,0
20,70,1
20,71,1
20,72,1
20,73,1
20,74,1
20,75,1
20,76,1
20,77,1
20,78,1
20,79,1
20,80,1
20,81,1
20,82,1
20,83,1
20,84,1
20,85,1
20,86,1
20,87,1
20,88,1
20,89,0
20,90,1
20,91,1
20,92,1
20,93,1
20,94,1
20,95,1
20,96,1
20,97,1
20,98,1
20,99,1
20,100,0
20,101,1
20,102,0
20,103,0
20,104,1
20,105,1
20,106,1
20,107,0
20,108,0
20,109,1
20,110,1
20,111,1
20,112,1
20,113,1
20,114,0
20,115,0
20,116,0
20,117,0
20,118,1
20,119,0
20,120,1
20,121,0
20,122,1
21,1,1
21,2,1
21,3,1
21,4,1
21,5,1
21,6,1
21,7,1
21,8,1
21,9,1
21,10,1
21,11,1
21,12,0
21,13,0
21,14,1
21,15,0
21,16,1
21,17,1
21,18,1
21,19,1
21,20,1
21,21,1
21,22,0
21,23,0
21,24,1
21,25,1
21,26,1
21,27,0
21,28,0
21,29,1
21,30,1
21,31,1
21,32,1
21,33,1
21,34,1
21,35,1
21,36,0
21,37,1
21,38,1
21,39,1
21,40,1
21,41,1
21,42,1
21,43,1
21,44,1
21,45,1
21,46,0
21,47,0
21,48,1
21,49,1
21,50,1
21,51,1
21,52,1
21,53,1
21,54,1
21,55,0
21,56,1
21,57,1
21,58,1
21,59,1
21,60,1
21,61,0
21,62,1
21,63,0
21,64,1
21,65,1
21,66,1
21,67,1
21,68,1
21,69,0
21,70,1
21,71,1
21,72,1
21,73,1
21,74,1
21,75,1
21,76,1
21,77,1
21,78,1
21,79,1
21,80,1
21,81,1
21,82,1
21,83,1
21,84,1
21,85,1
21,86,1
21,87,1
21,88,1
21,89,0
21,90,1
21,91,1
21,92,1
21,93,1
21,94,1
21,95,1
21,96,1
21,97,1
21,98,1
21,99,1
21,100,0
21,101,1
21,102,0
21,103,0
21,104,1
21,105,1
21,106,1
21,107,0
21,108,0
21,109,1
21,110,1
21,111,1
21,112,1
21,113,1
21,114,0
21,115,0
21,116,0
21,117,0
21,118,1
21,119,0
21,120,1
21,121,0
21,122,1
22,1,1
22,2,1
22,3,1
22,4,1
22,5,1
22,6,1
22,7,1
22,8,1
22,9,1
22,10,1
22,11,1
22,12,0
22,13,0
22,14,1
22,15,0
22,16,1
22,17,1
22,18,1
22,19,1
22,20,1
22,21,1
22,22,0
22,23,0
22,24,1
22,25,1
22,26,1
22,27,0
22,28,0
22,29,1
22,30,1
22,31,1
22,32,1
22,33,1
22,34,1
22,35,1
22,36,0
22,37,1
22,38,1
22,39,1
22,40,1
22,41,1
22,42,1
22,43,1
22,44,1
22,45,1
22,46,0
22,47,0
22,48,1
22,49,1
22,50,1
22,51,1
22,52,1
22,53,1
22,54,1
22,55,0
22,56,1
22,57,1
22,58,1
22,59,1
22,60,1
22,61,0
22,62,1
22,63,0
22,64,1
22,65,1
22,66,1
22,67,1
22,68,1
22,69,0
22,70,1
22,71,1
22,72,1
22,73,1
22,74,1
22,75,1
22,76,1
22,77,1
22,78,1
22,79,1
22,80,1
22,81,1
22,82,1
22,83,1
22,84,1
22,85,1
22,86,1
22,87,1
22,88,1
22,89,0
22,90,1
22,91,1
22,92,1
22,93,1
22,94,1
22,95,1
22,96,1
22,97,1
22,98,1
22,99,1
22,100,0
22,101,1
22,102,0
22,103,0
22,104,1
22,105,1
22,106,1
22,107,0
22,108,0
22,109,1
22,110,1
22,111,1
22,112,1
22,113,1
22,114,0
22,115,0
22,116,0
22,117,0
22,118,1
22,119,0
22,120,1
22,121,0
22,122,1
23,1,1
23,2,1
23,3,1
23,4,1
23,5,1
23,6,1
23,7,1
23,8,1
23,9,1
23,10,1
23,11,1
23,12,0
23,13,0
23,14,1
23,15,0
23,16,1
23,17,1
23,18,1
23,19,1
23,20,1
23,21,1
23,22,0
23,23,0
23,24,1
23,25,1
23,26,1
23,27,0
23,28,0
23,29,1
23,30,1
23,31,1
23,32,1
23,33,1
23,34,1
23,35,1
23,36,0
23,37,1
23,38,1
23,39,1
23,40,1
23,41,1
23,42,1
23,43,1
23,44,1
23,45,1
23,46,0
23,47,0
23,48,1
23,49,1
23,50,1
23,51,1
23,52,1
23,53,1
23,54,1
23,55,0
23,56,1
23,57,1
23,58,1
23,59,1
23,60,1
23,61,0
23,62,1
23,63,0
23,64,1
23,65,1
23,66,1
23,67,1
23,68,1
23,69,0
23,70,1
23,71,1
23,72,1
23,73,1
23,74,1
23,75,1
23,76,1
23,77,1
23,78,1
23,79,1
23,80,1
23,81,1
23,82,1
23,83,1
23,84,1
23,85,1
23,86,1
23,87,1
23,88,1
23,89,0
23,90,1
23,91,1
23,92,1
23,93,1
23,94,1
23,95,1
23,96,1
23,97,1
23,98,1
23,99,1
23,100,0
23,101,1
23,102,0
23,103,0
23,104,1
23,105,1
23,106,1
23,107,0
23,108,0
23,109,1
23,110,1
23,111,1
23,112,1
23,113,1
23,114,0
23,115,0
23,116,0
23,117,0
23,118,1
23,119,0
23,120,1
23,121,0
23,122,1
24,1,1
24,2,1
24,3,1
24,4,1
24,5,1
24,6,1
24,7,1
24,8,1
24,9,1
24,10,1
24,11,1
24,12,0
24,13,0
24,14,1
24,15,0
24,16,1
24,17,1
24,18,1
24,19,1
24,20,1
24,21,1
24,22,0
24,23,0
24,24,1
24,25,1
24,26,1
24,27,0
24,28,0
24,29,1
24,30,1
24,31,1
24,32,1
24,33,1
24,34,1
24,35,1
24,36,0
24,37,1
24,38,1
24,39,1
24,40,1
24,41,1
24,42,1
24,43,1
24,44,1
24,45,1
24,46,0
24,47,0
24,48,1
24,49,1
24,50,1
24,51,1
24,52,1
24,53,1
24,54,1
24,55,0
24,56,1
24,57,1
24,58,1
24,59,1
24,60,1
24,61,0
24,62,1
24,63,0
24,64,1
24,65,1
24,66,1
24,67,1
24,68,1
24,69,0
24,70,1
24,71,1
24,72,1
24,73,1
24,74,1
24,75,1
24,76,1
24,77,1
24,78,1
24,79,1
24,80,1
24,81,1
24,82,1
24,83,1
24,84,1
24,85,1
24,86,1
24,87,1
24,88,1
24,89,0
24,90,1
24,91,1
24,92,1
24,93,1
24,94,1
24,95,1
24,96,1
24,97,1
24,98,1
24,99,1
24,100,0
24,101,1
24,102,0
24,103,0
24,104,1
24,105,1
24,106,1
24,107,0
24,108,0
24,109,1
24,110,1
24,111,1
24,112,1
24,113,1
24,114,0
24,115,0
24,116,0
24,117,0
24,118,1
24,119,0
24,120,1
24,121,0
24,122,1
